# Step  P_inst  U_inst
0 0.0080885 -19.1037
200 0.00869074 -19.6171
400 0.00839282 -22.3474
600 0.00899586 -18.1687
800 0.00831774 -21.6643
1000 0.00821549 -17.0229
1200 0.00849286 -18.8073
1400 0.00829808 -16.7954
1600 0.00779315 -26.7958
1800 0.00839371 -25.2812
2000 0.0093439 -26.1446
2200 0.0077934 -27.6539
2400 0.00813828 -23.784
2600 0.00838161 -22.818
2800 0.0084314 -22.4609
3000 0.00819847 -19.7433
3200 0.00854973 -19.586
3400 0.0088471 -21.9264
3600 0.0089836 -17.8295
3800 0.00796043 -25.2146
4000 0.00822609 -21.6422
4200 0.00866582 -24.4169
4400 0.00886905 -29.5209
4600 0.00811253 -31.2822
4800 0.00762457 -31.1921
5000 0.00853713 -24.495
5200 0.00851111 -25.7318
5400 0.00888995 -24.6874
5600 0.00791663 -23.3072
5800 0.00843928 -28.5969
6000 0.0083486 -25.7878
6200 0.00802752 -24.251
6400 0.00874558 -18.8719
6600 0.00849927 -25.2792
6800 0.00953085 -26.0836
7000 0.00811825 -20.6302
7200 0.00829343 -27.286
7400 0.00852137 -30.3304
7600 0.00781011 -23.7416
7800 0.00827907 -31.6342
8000 0.00829613 -28.1774
8200 0.00790241 -27.3595
8400 0.00844232 -32.2405
8600 0.00851292 -29.4591
8800 0.00813656 -22.7673
9000 0.00806185 -21.8731
9200 0.00809858 -20.2156
9400 0.00788148 -24.0844
9600 0.00879299 -19.7291
9800 0.00805392 -23.6042
10000 0.00800659 -23.4881
10200 0.00818228 -24.59
10400 0.00826015 -21.0442
10600 0.00804806 -24.8375
10800 0.0078954 -23.3512
11000 0.00899076 -20.7682
11200 0.00786164 -31.1238
11400 0.00828322 -27.2153
11600 0.00866239 -25.3522
11800 0.00788774 -20.3846
12000 0.00843598 -26.0599
12200 0.00859441 -21.9063
12400 0.00815337 -28.0572
12600 0.00842814 -23.1143
12800 0.00825223 -24.3833
13000 0.00796136 -24.9993
13200 0.00787048 -26.8327
13400 0.00791157 -18.9351
13600 0.00840309 -26.1429
13800 0.00837295 -22.5188
14000 0.0084411 -23.3091
14200 0.00854563 -24.2212
14400 0.00896503 -24.1765
14600 0.00841107 -24.3759
14800 0.00874141 -28.3327
15000 0.00804773 -25.9063
15200 0.0083015 -35.4799
15400 0.00866721 -25.7538
15600 0.00874785 -26.2311
15800 0.0083481 -26.2058
16000 0.00841553 -26.018
16200 0.00813836 -18.645
16400 0.00904193 -17.0951
16600 0.00826014 -20.9298
16800 0.00863034 -20.1327
17000 0.00786627 -23.664
17200 0.0083697 -29.6557
17400 0.00807211 -24.6743
17600 0.0083707 -21.6107
17800 0.00900129 -22.9294
18000 0.00845436 -28.4101
18200 0.00946687 -23.149
18400 0.00861967 -24.1634
18600 0.00812599 -28.1747
18800 0.00817075 -29.5648
19000 0.00837849 -32.959
19200 0.00798753 -27.0342
19400 0.00875353 -25.6635
19600 0.00808671 -27.5841
19800 0.00878787 -21.3237
20000 0.00789471 -24.7936
20200 0.00832707 -23.8955
20400 0.00971914 -23.2051
20600 0.00808815 -26.3752
20800 0.00864145 -29.1592
21000 0.00798065 -28.6906
21200 0.00806045 -18.8724
21400 0.00829727 -19.1883
21600 0.0086558 -18.1555
21800 0.00833518 -21.6601
22000 0.0087137 -25.5433
22200 0.00831409 -30.4663
22400 0.00883026 -28.0113
22600 0.00824309 -28.1696
22800 0.00850209 -26.2793
23000 0.00785178 -31.0671
23200 0.00801298 -27.9052
23400 0.00805872 -26.788
23600 0.0087194 -22.8724
23800 0.00832083 -21.7313
24000 0.0083692 -26.901
24200 0.0085665 -26.5296
24400 0.00833544 -25.2881
24600 0.00798799 -21.55
24800 0.00802812 -21.0932
25000 0.00818541 -24.5081
25200 0.00840407 -29.3919
25400 0.00800723 -28.3007
25600 0.00878829 -33.2968
25800 0.00844808 -30.9561
26000 0.00810316 -26.1191
26200 0.00874937 -17.4724
26400 0.00909044 -24.2727
26600 0.00841568 -26.4336
26800 0.0083151 -17.313
27000 0.00878195 -25.3162
27200 0.008741 -25.3551
27400 0.0083661 -21.1517
27600 0.00834215 -20.6566
27800 0.00843656 -22.4834
28000 0.00862622 -25.9352
28200 0.0082399 -23.2139
28400 0.0082765 -26.3371
28600 0.00845888 -27.5632
28800 0.00832788 -24.9468
29000 0.00938352 -21.925
29200 0.00819888 -24.3919
29400 0.00864631 -23.0929
29600 0.00776807 -30.4951
29800 0.00831768 -28.6018
30000 0.0080547 -32.7305
30200 0.00919947 -32.9618
30400 0.00881021 -32.9432
30600 0.00813899 -24.0028
30800 0.00828743 -27.0968
31000 0.00843131 -27.7658
31200 0.00801811 -25.9117
31400 0.00930471 -28.7364
31600 0.00897932 -28.2789
31800 0.00803176 -37.2304
32000 0.00911024 -25.6232
32200 0.00902349 -18.6108
32400 0.00860312 -19.2006
32600 0.00839922 -25.4576
32800 0.0086943 -18.151
33000 0.0084396 -25.9259
33200 0.00919805 -25.5958
33400 0.00821107 -30.08
33600 0.00834516 -26.6241
33800 0.00850634 -27.3265
34000 0.00803665 -29.1795
34200 0.00836174 -24.363
34400 0.00805377 -17.7943
34600 0.00837582 -25.8502
34800 0.00821299 -26.067
35000 0.00846743 -25.4596
35200 0.0083444 -25.9666
35400 0.00802434 -30.7214
35600 0.0082413 -23.0817
35800 0.008303 -20.5142
36000 0.00933985 -21.7225
36200 0.0093965 -22.3516
36400 0.00801699 -27.6596
36600 0.0079693 -23.901
36800 0.00884267 -27.9321
37000 0.00864502 -26.6288
37200 0.00796614 -22.0063
37400 0.00877276 -27.0738
37600 0.00885394 -28.7168
37800 0.00808636 -25.4338
38000 0.00818338 -27.4763
38200 0.00893369 -22.6854
38400 0.0083669 -22.9906
38600 0.00849064 -21.7056
38800 0.00889549 -16.7101
39000 0.00882935 -16.7905
39200 0.00799673 -22.6912
39400 0.00832008 -25.5536
39600 0.00828949 -28.3911
39800 0.00865502 -26.8504
40000 0.00898268 -25.3063
40200 0.00871289 -29.7047
40400 0.0110928 -19.3677
40600 0.00786317 -23.8777
40800 0.0080344 -26.4335
41000 0.00861165 -20.2623
41200 0.00869214 -26.017
41400 0.00858235 -30.0413
41600 0.00830534 -19.4844
41800 0.00802092 -24.7394
42000 0.00938435 -28.8154
42200 0.00864882 -27.1041
42400 0.00972044 -23.0891
42600 0.00780539 -25.7315
42800 0.0088523 -18.0116
43000 0.00900608 -21.2641
43200 0.00839668 -28.1667
43400 0.00812857 -21.7594
43600 0.00802615 -22.5465
43800 0.00917144 -19.4476
44000 0.00814576 -26.7049
44200 0.00841539 -23.5146
44400 0.00847349 -30.5079
44600 0.00842324 -25.7384
44800 0.00919416 -27.4537
45000 0.00823542 -25.3638
45200 0.0079125 -24.0407
45400 0.00794563 -34.273
45600 0.00878158 -21.2745
45800 0.0088686 -20.6511
46000 0.00894481 -32.8844
46200 0.00830539 -23.2621
46400 0.00840399 -31.1884
46600 0.00800036 -25.5954
46800 0.00815303 -21.2927
47000 0.00817562 -22.6265
47200 0.0079144 -28.3868
47400 0.00804312 -33.2348
47600 0.00836376 -37.6654
47800 0.00755966 -38.4633
48000 0.00810675 -35.9537
48200 0.00842026 -26.943
48400 0.00891221 -34.574
48600 0.00788234 -25.7322
48800 0.00845976 -19.8533
49000 0.00852735 -24.0446
49200 0.00851749 -34.7025
49400 0.00899756 -30.7284
49600 0.00853105 -30.5475
49800 0.00930822 -23.6273
50000 0.00829296 -25.4351
50200 0.00790125 -27.7833
50400 0.00925631 -25.6119
50600 0.00878149 -29.7532
50800 0.00778215 -27.9956
51000 0.0084754 -24.3991
51200 0.00907139 -24.1783
51400 0.00800316 -25.1978
51600 0.00890801 -24.0852
51800 0.00843864 -32.6191
52000 0.00903489 -29.1739
52200 0.00894252 -26.3105
52400 0.00843253 -23.8971
52600 0.00867989 -19.9942
52800 0.00851335 -31.7259
53000 0.00812356 -26.492
53200 0.00905316 -27.3907
53400 0.00928691 -32.2833
53600 0.00804396 -28.6771
53800 0.00827728 -21.4882
54000 0.00828913 -25.6755
54200 0.00815008 -28.8483
54400 0.00837098 -25.8586
54600 0.00822692 -28.4195
54800 0.0109013 -19.9768
55000 0.00949798 -27.8799
55200 0.008295 -26.4246
55400 0.00864711 -27.3287
55600 0.00792774 -26.6893
55800 0.00777735 -26.4176
56000 0.00837125 -23.9906
56200 0.00805139 -28.8762
56400 0.00839482 -24.6174
56600 0.00799801 -18.6308
56800 0.00872699 -20.0605
57000 0.00828841 -30.8403
57200 0.00799672 -30.1614
57400 0.00849238 -29.4951
57600 0.00882369 -34.2959
57800 0.0082366 -25.7015
58000 0.00854132 -28.0304
58200 0.00850312 -30.4063
58400 0.00892554 -24.5152
58600 0.0080282 -24.0947
58800 0.00792821 -22.7842
59000 0.00870726 -20.7467
59200 0.00899658 -26.6695
59400 0.00793003 -26.0136
59600 0.00883301 -20.8866
59800 0.00794279 -23.1145
60000 0.00850763 -19.0845
60200 0.00825191 -21.5674
60400 0.00835637 -18.2295
60600 0.00816931 -23.5384
60800 0.00823928 -18.7174
61000 0.00837256 -25.506
61200 0.00912327 -18.9196
61400 0.00813514 -34.1382
61600 0.00820574 -23.691
61800 0.00844108 -18.9536
62000 0.00788494 -27.6336
62200 0.00896375 -25.0762
62400 0.00821218 -20.5045
62600 0.00816041 -26.9828
62800 0.00822146 -28.7437
63000 0.00753645 -30.1377
63200 0.00794622 -26.9559
63400 0.00988163 -25.8856
63600 0.00851409 -26.9565
63800 0.00804251 -22.4936
64000 0.00759242 -31.3301
64200 0.008202 -31.4163
64400 0.00822471 -26.1413
64600 0.00774956 -30.8632
64800 0.0081656 -29.4524
65000 0.0079755 -34.2342
65200 0.00817391 -28.6856
65400 0.00814029 -25.9878
65600 0.00825378 -28.59
65800 0.00875162 -28.1364
66000 0.0086973 -22.3838
66200 0.00890183 -28.5874
66400 0.00864856 -20.8647
66600 0.00816551 -28.3288
66800 0.00813897 -30.0213
67000 0.00812409 -26.5274
67200 0.00832533 -23.5233
67400 0.0079185 -27.5723
67600 0.00777829 -35.6168
67800 0.00806596 -26.8342
68000 0.00838103 -24.7724
68200 0.00828605 -25.8002
68400 0.00811295 -26.254
68600 0.00828264 -27.4161
68800 0.00840285 -22.6794
69000 0.00837044 -22.8463
69200 0.00781814 -24.5537
69400 0.00799406 -28.5094
69600 0.00786521 -25.9021
69800 0.00886435 -25.0025
70000 0.00882277 -17.6677
70200 0.00833525 -20.8931
70400 0.00817075 -29.6755
70600 0.00774289 -30.7841
70800 0.00824175 -27.2828
71000 0.0086846 -20.9972
71200 0.00802235 -24.6673
71400 0.00820675 -27.1474
71600 0.00869433 -28.0728
71800 0.00815613 -28.4966
72000 0.00894646 -17.7219
72200 0.00805326 -23.5321
72400 0.00849799 -28.9964
72600 0.00798642 -23.8496
72800 0.00883556 -30.6559
73000 0.00808184 -26.6711
73200 0.00922981 -30.0667
73400 0.00867509 -31.2694
73600 0.00874044 -27.1802
73800 0.00863561 -30.0916
74000 0.00886562 -29.9077
74200 0.00917702 -21.7947
74400 0.00822155 -25.063
74600 0.00807247 -25.5062
74800 0.00826336 -29.5442
75000 0.00849391 -23.3821
75200 0.00856539 -27.9844
75400 0.00877054 -27.4022
75600 0.00812904 -25.7947
75800 0.00946952 -29.2366
76000 0.00816161 -20.2486
76200 0.00801401 -21.9676
76400 0.00855535 -31.2064
76600 0.00790281 -31.0112
76800 0.00874177 -22.2437
77000 0.00795709 -28.3298
77200 0.00823651 -32.1332
77400 0.0084019 -31.9919
77600 0.00772088 -33.9825
77800 0.00849481 -26.3746
78000 0.00884739 -25.9114
78200 0.00827276 -28.4359
78400 0.00784908 -31.4003
78600 0.00847469 -24.3929
78800 0.00822145 -24.3354
79000 0.00838856 -27.3243
79200 0.00792238 -30.7748
79400 0.00858573 -24.1246
79600 0.00791111 -24.3767
79800 0.0085567 -32.4211
80000 0.00848133 -29.7714
80200 0.00896236 -26.8291
80400 0.00774036 -28.4751
80600 0.00804643 -26.2566
80800 0.00815467 -33.0119
81000 0.00805762 -31.7678
81200 0.00765951 -28.6521
81400 0.00831843 -18.8161
81600 0.00819408 -25.809
81800 0.00821389 -23.108
82000 0.00861312 -19.5358
82200 0.00879969 -21.4255
82400 0.00842159 -19.8479
82600 0.00847847 -19.6725
82800 0.00843646 -21.8347
83000 0.0080256 -20.4635
83200 0.00905772 -20.6573
83400 0.00957922 -15.9336
83600 0.00844341 -18.1334
83800 0.00818139 -17.8678
84000 0.00867663 -22.1362
84200 0.00840393 -24.7432
84400 0.00879179 -25.9529
84600 0.00857635 -23.2886
84800 0.00815984 -15.677
85000 0.00827577 -18.431
85200 0.00849613 -22.5804
85400 0.00850591 -25.717
85600 0.00800057 -26.2196
85800 0.00816045 -28.5811
86000 0.00856198 -24.4548
86200 0.00845635 -20.7093
86400 0.00806308 -24.0612
86600 0.009295 -14.1229
86800 0.00793406 -23.9083
87000 0.00837806 -22.0597
87200 0.00785819 -32.1359
87400 0.00889671 -28.2353
87600 0.00827646 -22.6437
87800 0.0079818 -30.2879
88000 0.00810147 -28.1815
88200 0.00852903 -26.3482
88400 0.00843398 -27.8194
88600 0.00865898 -25.6639
88800 0.00780781 -25.4155
89000 0.00809675 -27.1716
89200 0.00821657 -21.795
89400 0.00820492 -22.4179
89600 0.00845527 -20.8638
89800 0.00802522 -24.0346
90000 0.00804972 -25.5464
90200 0.00804286 -23.3778
90400 0.00821789 -26.9135
90600 0.00842743 -23.1983
90800 0.00894334 -17.2148
91000 0.00861357 -19.7137
91200 0.00814229 -21.1037
91400 0.00799948 -23.3337
91600 0.00888097 -23.6163
91800 0.00843083 -20.7146
92000 0.00835167 -21.206
92200 0.00873097 -19.7771
92400 0.00816268 -24.9854
92600 0.00880626 -23.5559
92800 0.00826352 -26.1131
93000 0.00828222 -26.5257
93200 0.00905287 -25.4879
93400 0.00814992 -28.1991
93600 0.00802384 -25.5341
93800 0.00834543 -27.5728
94000 0.00912971 -25.0452
94200 0.00879003 -22.1118
94400 0.00853599 -28.2795
94600 0.00908291 -22.7205
94800 0.00862856 -25.2847
95000 0.00831862 -27.4864
95200 0.00842335 -23.9608
95400 0.00879117 -22.6835
95600 0.00841934 -24.138
95800 0.00894527 -21.4224
96000 0.00855301 -22.4255
96200 0.00893912 -25.4481
96400 0.00798913 -20.8933
96600 0.00883668 -20.4394
96800 0.00815635 -25.6923
97000 0.00802906 -22.4471
97200 0.00829614 -19.1928
97400 0.00806573 -25.5853
97600 0.00813376 -22.4889
97800 0.00820501 -25.5637
98000 0.00897839 -19.6787
98200 0.00803399 -21.8934
98400 0.00914625 -20.922
98600 0.00832099 -19.9665
98800 0.00882687 -19.6875
99000 0.00865943 -23.1893
99200 0.00783007 -25.3007
99400 0.00788269 -27.2008
99600 0.00849121 -27.4367
99800 0.00838053 -29.0641
