# Step  P_inst  U_inst
0 0.00821822 -27.1214
200 0.00888241 -26.319
400 0.00810313 -25.3146
600 0.00872063 -28.7237
800 0.00815758 -26.9438
1000 0.00860945 -26.0114
1200 0.00913975 -22.3697
1400 0.00792828 -27.0197
1600 0.00841009 -21.1372
1800 0.00846826 -30.2628
2000 0.00824405 -28.044
2200 0.00875441 -27.797
2400 0.00855983 -24.8847
2600 0.00843821 -29.8573
2800 0.00904854 -30.3133
3000 0.0081227 -27.0347
3200 0.00830161 -25.7251
3400 0.00880987 -24.8189
3600 0.00806126 -31.2754
3800 0.00857298 -23.2315
4000 0.00814034 -28.7082
4200 0.00821609 -31.6698
4400 0.00833831 -30.8024
4600 0.00841118 -30.1359
4800 0.00811129 -28.6992
5000 0.00781067 -35.8177
5200 0.00839543 -30.5835
5400 0.00837455 -25.9088
5600 0.00894697 -29.7923
5800 0.00833998 -31.9038
6000 0.00812957 -25.5185
6200 0.00874964 -22.7247
6400 0.00854299 -26.8667
6600 0.00852551 -26.3154
6800 0.00885875 -22.7741
7000 0.00846449 -19.9696
7200 0.00819434 -20.9989
7400 0.00833871 -26.1931
7600 0.0090128 -21.0639
7800 0.0091449 -26.3492
8000 0.00840983 -23.1886
8200 0.00863932 -22.5955
8400 0.00865471 -24.3059
8600 0.00883943 -28.4853
8800 0.0078657 -25.9895
9000 0.00816624 -28.3239
9200 0.0092397 -19.9267
9400 0.00832737 -24.4659
9600 0.00954604 -21.2217
9800 0.00804067 -21.8111
10000 0.00851335 -21.8197
10200 0.00842338 -19.8448
10400 0.00876695 -21.0278
10600 0.00935226 -23.1027
10800 0.00826956 -22.8295
11000 0.00813797 -22.8101
11200 0.0082061 -19.8517
11400 0.0082271 -23.8324
11600 0.00828042 -20.3434
11800 0.00892398 -25.5071
12000 0.00874915 -25.0791
12200 0.00826664 -24.4658
12400 0.00794704 -21.0164
12600 0.00866446 -20.7004
12800 0.00867701 -20.6842
13000 0.00860574 -20.4448
13200 0.00847684 -25.4438
13400 0.00886404 -21.8955
13600 0.00845593 -21.5947
13800 0.00832169 -22.0697
14000 0.0081442 -17.1393
14200 0.00954201 -21.2573
14400 0.00843177 -24.8947
14600 0.00852067 -24.5063
14800 0.00828796 -22.6209
15000 0.00800776 -28.5134
15200 0.00855971 -19.808
15400 0.00822475 -25.8725
15600 0.0085247 -26.0731
15800 0.00788933 -23.3754
16000 0.00817887 -22.5016
16200 0.00852729 -21.8156
16400 0.00805724 -19.9362
16600 0.00839216 -22.6548
16800 0.00804599 -21.8617
17000 0.00884897 -20.4873
17200 0.00850897 -21.1221
17400 0.00891476 -27.0235
17600 0.00877849 -22.672
17800 0.00852929 -29.4163
18000 0.00783154 -22.8411
18200 0.00896627 -18.3402
18400 0.00853584 -23.1002
18600 0.00882247 -19.3543
18800 0.00835629 -25.8495
19000 0.00808845 -20.5906
19200 0.00827655 -25.8661
19400 0.00806816 -16.4174
19600 0.00814476 -21.4566
19800 0.00782062 -26.0633
20000 0.00838561 -22.898
20200 0.00790482 -30.9126
20400 0.00771238 -24.383
20600 0.00833935 -27.0461
20800 0.00819371 -23.018
21000 0.00812257 -23.3754
21200 0.00806481 -15.8031
21400 0.00867478 -27.5334
21600 0.00817785 -22.8853
21800 0.00905409 -21.2038
22000 0.00814699 -24.3387
22200 0.00843491 -29.0507
22400 0.00877834 -26.1782
22600 0.0082451 -23.6869
22800 0.00782541 -28.6707
23000 0.00926753 -19.8066
23200 0.00858716 -23.482
23400 0.00850166 -23.8547
23600 0.0086533 -24.6709
23800 0.00957939 -20.1139
24000 0.00772872 -30.8375
24200 0.00788306 -28.4127
24400 0.00858741 -21.287
24600 0.00864927 -26.7484
24800 0.00868513 -28.2577
25000 0.00876377 -31.7329
25200 0.00900585 -19.9088
25400 0.0088163 -29.3258
25600 0.00770246 -31.2454
25800 0.00912811 -23.4816
26000 0.00813252 -31.9236
26200 0.00836476 -35.0789
26400 0.00840298 -30.9461
26600 0.00876382 -20.3369
26800 0.00860123 -22.7122
27000 0.00808242 -29.6717
27200 0.00846895 -25.908
27400 0.00827881 -28.3183
27600 0.00918634 -27.464
27800 0.00852623 -22.6496
28000 0.0080418 -21.9866
28200 0.00894783 -30.2086
28400 0.0100613 -16.3929
28600 0.00900119 -20.0939
28800 0.00852111 -28.1583
29000 0.00869546 -18.7482
29200 0.00847828 -27.361
29400 0.00799584 -25.7345
29600 0.00823826 -26.098
29800 0.00826306 -24.9772
30000 0.00791262 -24.6168
30200 0.0084703 -23.8661
30400 0.00840509 -23.38
30600 0.00822003 -18.439
30800 0.00831112 -20.6843
31000 0.00801058 -24.9153
31200 0.00807303 -21.0248
31400 0.00838957 -19.4684
31600 0.00860722 -18.2385
31800 0.00835597 -20.0406
32000 0.00860532 -22.9484
32200 0.00851228 -22.6027
32400 0.00828548 -17.3692
32600 0.00815834 -15.6892
32800 0.00910972 -23.0634
33000 0.00856711 -22.4316
33200 0.00802438 -28.3498
33400 0.0087845 -19.313
33600 0.00890768 -23.3633
33800 0.00791934 -27.0542
34000 0.00854358 -24.0698
34200 0.00890029 -23.33
34400 0.00828988 -22.8416
34600 0.00803763 -24.3899
34800 0.00856762 -27.4137
35000 0.00864991 -29.0219
35200 0.00813641 -23.0517
35400 0.00847231 -29.33
35600 0.00811469 -27.7231
35800 0.00829557 -29.0689
36000 0.00803788 -32.045
36200 0.0087083 -28.6987
36400 0.00831418 -26.6546
36600 0.00866659 -25.1519
36800 0.00862196 -22.1276
37000 0.00827069 -27.9227
37200 0.00871957 -33.5751
37400 0.00826316 -25.3763
37600 0.00857744 -23.8495
37800 0.00783172 -26.6613
38000 0.00768577 -27.8734
38200 0.00792371 -27.2059
38400 0.00942412 -29.293
38600 0.00769309 -28.9123
38800 0.0080133 -30.873
39000 0.00851442 -25.6119
39200 0.00777267 -29.3116
39400 0.0088385 -29.5676
39600 0.00851955 -29.3582
39800 0.00825709 -31.2452
40000 0.00803473 -30.7328
40200 0.00911937 -23.4505
40400 0.00870728 -20.7919
40600 0.00906237 -17.7145
40800 0.00787134 -29.0003
41000 0.00923622 -23.5952
41200 0.00806888 -23.7592
41400 0.00825993 -19.7409
41600 0.00901817 -20.4236
41800 0.00818461 -22.9933
42000 0.0079638 -27.4928
42200 0.00829382 -32.1497
42400 0.00821911 -31.4752
42600 0.00808118 -23.9239
42800 0.00891228 -24.2124
43000 0.00890018 -21.6901
43200 0.00892268 -20.5542
43400 0.00806122 -25.8007
43600 0.00848184 -25.3077
43800 0.00837793 -26.5201
44000 0.00931423 -22.0037
44200 0.0081854 -26.3116
44400 0.00973018 -21.8249
44600 0.00848753 -25.4999
44800 0.00867278 -28.6216
45000 0.00803616 -26.9435
45200 0.00857818 -21.771
45400 0.00837388 -26.7578
45600 0.00805283 -26.5356
45800 0.008298 -30.6124
46000 0.00781339 -26.2357
46200 0.00800287 -22.9605
46400 0.00796769 -28.7885
46600 0.00768129 -36.4402
46800 0.00888604 -26.3087
47000 0.00834016 -31.7962
47200 0.00858594 -29.1813
47400 0.00792237 -34.457
47600 0.00863258 -31.4366
47800 0.00787624 -26.1293
48000 0.00877336 -29.3796
48200 0.00886447 -26.7456
48400 0.00811466 -28.4241
48600 0.00870613 -26.9186
48800 0.00810212 -30.7511
49000 0.00889532 -32.7827
49200 0.00875963 -28.0009
49400 0.00818718 -27.5465
49600 0.00810399 -22.8215
49800 0.00818382 -22.3752
50000 0.00848221 -27.9348
50200 0.00811638 -28.0646
50400 0.00816572 -28.5564
50600 0.00872887 -31.2879
50800 0.00980327 -25.1442
51000 0.00916086 -23.381
51200 0.0089127 -21.0804
51400 0.00906813 -26.214
51600 0.00799448 -28.0705
51800 0.00866183 -27.088
52000 0.00833928 -25.1148
52200 0.00866434 -21.4408
52400 0.00814997 -30.346
52600 0.0080458 -33.0346
52800 0.00829794 -28.5446
53000 0.00851883 -28.8526
53200 0.008039 -28.554
53400 0.00830584 -33.7428
53600 0.00825994 -30.6405
53800 0.00818664 -29.0761
54000 0.00853769 -25.5709
54200 0.00830854 -22.1992
54400 0.00924673 -27.643
54600 0.00854025 -27.2947
54800 0.00795645 -29.1354
55000 0.00825078 -26.6224
55200 0.00908298 -19.5202
55400 0.00854752 -22.5046
55600 0.0084355 -21.4813
55800 0.00895588 -19.0059
56000 0.00837115 -25.528
56200 0.00922649 -30.6174
56400 0.0082563 -27.7888
56600 0.00849369 -24.1359
56800 0.00848596 -31.5386
57000 0.00879417 -26.505
57200 0.00868275 -26.4807
57400 0.00862444 -23.0167
57600 0.00814683 -19.7763
57800 0.00895294 -20.75
58000 0.00907908 -22.1915
58200 0.00826375 -24.4041
58400 0.00825992 -27.1005
58600 0.00796159 -24.6232
58800 0.00844498 -32.7688
59000 0.00834355 -29.3346
59200 0.00811988 -23.013
59400 0.00881494 -32.3022
59600 0.00791999 -21.981
59800 0.0088753 -25.706
60000 0.00767323 -27.7038
60200 0.00810627 -36.0766
60400 0.00766665 -28.4783
60600 0.00790532 -32.7998
60800 0.00780965 -24.6289
61000 0.00798056 -29.5846
61200 0.00786882 -26.139
61400 0.0085263 -19.2785
61600 0.00818773 -26.6574
61800 0.00803718 -29.4828
62000 0.00862948 -25.0411
62200 0.00869895 -18.9915
62400 0.0077083 -25.3003
62600 0.00805215 -25.4136
62800 0.00853211 -27.8041
63000 0.00810116 -26.2478
63200 0.00863603 -21.3848
63400 0.00849748 -21.3439
63600 0.00893883 -31.9712
63800 0.00878387 -28.4104
64000 0.00826985 -20.5268
64200 0.00911414 -20.9202
64400 0.00875056 -22.2195
64600 0.0076552 -30.0709
64800 0.00790418 -25.041
65000 0.00828833 -25.7903
65200 0.00886849 -26.0503
65400 0.00772065 -30.2548
65600 0.00854213 -25.1353
65800 0.00917504 -22.4538
66000 0.00830652 -27.7943
66200 0.00902665 -20.7157
66400 0.00795978 -25.5009
66600 0.00810453 -28.4091
66800 0.00925524 -26.3602
67000 0.00758438 -28.9184
67200 0.00861358 -25.2324
67400 0.00830674 -25.5602
67600 0.00799237 -25.5169
67800 0.00784608 -27.0894
68000 0.00870086 -24.1474
68200 0.0085714 -24.9481
68400 0.00796301 -22.5389
68600 0.00859359 -18.7115
68800 0.00930675 -23.9402
69000 0.00877139 -22.4053
69200 0.0087288 -21.2074
69400 0.00842733 -21.8344
69600 0.00813631 -23.2351
69800 0.009023 -26.3532
70000 0.00780043 -26.5658
70200 0.0083545 -17.4702
70400 0.00830493 -28.4779
70600 0.00824096 -24.8918
70800 0.00859393 -22.8662
71000 0.00883645 -24.1687
71200 0.00860483 -18.6986
71400 0.00831056 -23.9555
71600 0.00870533 -25.0722
71800 0.00793895 -28.7797
72000 0.00852025 -26.2905
72200 0.00856842 -23.4
72400 0.00877062 -22.6561
72600 0.00954809 -26.2851
72800 0.00850342 -25.2187
73000 0.00915135 -25.246
73200 0.00807657 -27.1744
73400 0.00850911 -31.0489
73600 0.00821741 -27.4113
73800 0.0085211 -17.6414
74000 0.0083974 -31.158
74200 0.00816991 -26.6672
74400 0.00887858 -27.1664
74600 0.00853207 -26.7503
74800 0.00801841 -31.5076
75000 0.00828354 -24.3854
75200 0.00789703 -31.3404
75400 0.00909667 -36.3687
75600 0.00791099 -29.5655
75800 0.00861718 -22.5605
76000 0.00884771 -21.0496
76200 0.00873164 -24.9546
76400 0.00914428 -18.3056
76600 0.00844676 -21.7316
76800 0.00838172 -24.3811
77000 0.00845867 -21.3335
77200 0.00820536 -24.4041
77400 0.00865194 -20.8955
77600 0.00866552 -22.3675
77800 0.00861431 -21.2318
78000 0.0083838 -24.0938
78200 0.00900845 -20.8909
78400 0.00911694 -22.6206
78600 0.00870742 -27.4544
78800 0.00809449 -19.7144
79000 0.00838451 -25.6793
79200 0.00870643 -29.4914
79400 0.00850158 -25.3627
79600 0.00814238 -33.1689
79800 0.00808761 -28.102
80000 0.00842247 -23.9837
80200 0.0080601 -27.3353
80400 0.00800947 -32.4859
80600 0.00799948 -22.3232
80800 0.00811413 -24.1007
81000 0.00816083 -26.3013
81200 0.00784694 -28.9126
81400 0.00937448 -26.755
81600 0.00850284 -34.6581
81800 0.00813229 -23.1279
82000 0.00869717 -23.6346
82200 0.00805714 -26.3827
82400 0.00887307 -28.0539
82600 0.00787163 -27.2737
82800 0.00862881 -31.5286
83000 0.00793772 -30.8889
83200 0.00817616 -24.4257
83400 0.00807349 -29.5037
83600 0.00876104 -32.8246
83800 0.00820932 -25.7163
84000 0.00831995 -21.9948
84200 0.00825499 -26.2996
84400 0.00802296 -31.5607
84600 0.00939836 -25.2408
84800 0.00841317 -30.6876
85000 0.00802873 -22.5767
85200 0.00863279 -28.6129
85400 0.00804501 -23.6933
85600 0.00863226 -28.4158
85800 0.00864685 -23.5145
86000 0.00864318 -27.7645
86200 0.00854545 -29.4947
86400 0.00848266 -37.0058
86600 0.00852818 -28.5648
86800 0.00878866 -32.611
87000 0.00786033 -26.9928
87200 0.00830103 -24.3543
87400 0.00765485 -33.8035
87600 0.00792274 -33.2857
87800 0.00813483 -33.265
88000 0.00789862 -34.5509
88200 0.00943446 -32.9311
88400 0.00898622 -30.5553
88600 0.00848924 -28.9443
88800 0.00807819 -27.9966
89000 0.00812514 -26.8296
89200 0.00897548 -34.6405
89400 0.00893843 -30.4085
89600 0.00888098 -24.1821
89800 0.00807887 -31.6318
90000 0.00785804 -27.4207
90200 0.0080576 -28.8525
90400 0.00988233 -21.6999
90600 0.00865799 -34.1941
90800 0.00774296 -29.7389
91000 0.00854111 -29.4468
91200 0.00789072 -29.162
91400 0.00822675 -25.7329
91600 0.00880451 -19.2671
91800 0.00858437 -25.1944
92000 0.00858312 -33.2042
92200 0.00936337 -29.2921
92400 0.00813382 -32.0358
92600 0.00919524 -32.9555
92800 0.00818051 -39.4315
93000 0.00831486 -36.8409
93200 0.0077912 -30.3388
93400 0.00826438 -27.7308
93600 0.00825014 -28.2699
93800 0.00850252 -23.8709
94000 0.0080784 -28.4777
94200 0.00842776 -33.3913
94400 0.00852133 -25.7487
94600 0.007899 -25.5892
94800 0.00780444 -24.3075
95000 0.00782776 -28.4779
95200 0.00830931 -22.7975
95400 0.00837997 -27.8292
95600 0.00792105 -23.3044
95800 0.00791825 -20.9981
96000 0.00806658 -27.854
96200 0.00889862 -20.4397
96400 0.00835592 -25.1328
96600 0.00783717 -27.6195
96800 0.00833626 -21.1721
97000 0.0091711 -22.5584
97200 0.00820784 -31.6775
97400 0.00841532 -23.9993
97600 0.00807201 -23.3362
97800 0.0087832 -28.2784
98000 0.00805797 -20.5339
98200 0.00849912 -23.7665
98400 0.00864587 -27.4958
98600 0.00805473 -17.9346
98800 0.00881353 -26.2136
99000 0.00897345 -19.8264
99200 0.00818872 -19.9813
99400 0.00800451 -23.0783
99600 0.00821263 -19.0712
99800 0.00906227 -15.5968
