# i j r0_A
0 29 5.506
0 30 6.386
0 31 5.364
0 32 6.166
0 33 5.891
0 34 6.014
0 35 7.960
0 36 7.034
0 120 5.391
0 121 6.612
0 122 7.400
0 123 7.426
1 29 7.530
1 31 5.830
1 32 5.779
1 33 5.213
1 34 6.540
1 35 5.447
1 36 4.610
1 107 6.843
1 116 6.861
1 117 7.343
1 118 5.017
1 119 7.777
1 120 3.838
1 121 6.296
1 122 6.788
1 123 7.883
1 124 7.783
1 125 7.036
2 25 6.621
2 26 6.907
2 27 5.691
2 28 7.734
2 29 4.697
2 30 5.786
2 31 6.316
2 32 6.336
2 120 5.788
2 121 7.757
2 122 5.545
2 123 6.075
2 124 7.985
3 25 5.827
3 26 5.181
3 27 6.739
3 29 6.790
3 30 6.542
3 120 7.880
3 122 6.186
3 123 5.779
4 25 5.817
4 26 6.895
4 27 5.513
4 28 6.474
4 29 6.528
4 31 7.205
4 32 6.112
4 117 7.983
4 120 6.031
4 122 4.647
4 123 6.998
4 124 5.267
4 125 6.097
4 126 5.980
4 127 7.049
4 128 7.719
4 129 6.819
5 25 7.037
5 27 5.679
5 28 5.741
5 29 6.553
5 31 6.100
5 32 4.539
5 50 6.840
5 107 6.165
5 116 7.531
5 117 6.302
5 118 7.804
5 120 6.692
5 122 6.313
5 124 5.809
5 125 5.991
5 126 6.355
5 127 7.863
5 128 6.929
5 129 5.313
6 21 6.401
6 22 5.636
6 23 5.712
6 24 7.052
6 25 4.620
6 26 5.851
6 27 6.371
6 28 6.806
6 122 6.551
6 124 6.242
6 125 7.699
6 126 4.515
6 127 4.731
6 128 6.278
6 129 6.553
7 21 7.466
7 22 6.208
7 23 7.327
7 25 5.487
7 26 5.624
7 27 7.928
7 122 5.222
7 123 6.694
7 124 6.491
7 126 5.957
7 127 5.523
8 21 5.464
8 22 5.481
8 23 5.116
8 24 5.418
8 25 6.286
8 26 7.913
8 27 7.579
8 28 6.648
8 58 7.011
8 83 7.477
8 126 5.559
8 127 5.789
8 128 4.861
8 129 5.499
8 130 5.692
8 131 7.568
8 132 6.441
8 133 6.668
9 21 6.678
9 22 7.104
9 23 5.521
9 24 4.937
9 25 6.741
9 27 7.196
9 28 5.634
9 50 7.544
9 57 7.084
9 58 5.152
9 82 7.611
9 83 6.084
9 126 6.949
9 127 7.506
9 128 5.369
9 129 5.306
9 130 6.063
9 132 5.823
9 133 5.501
10 18 6.790
10 19 6.131
10 21 4.303
10 22 4.140
10 23 6.477
10 24 7.183
10 126 6.772
10 127 5.983
10 128 6.302
10 130 4.975
10 131 5.919
10 132 6.038
10 133 6.922
11 18 6.306
11 19 7.525
11 21 6.481
11 22 5.400
11 126 7.436
11 127 5.915
11 128 7.978
11 130 6.429
11 131 5.250
12 19 5.571
12 20 7.448
12 21 6.059
12 22 6.863
12 23 7.989
12 24 7.804
12 130 6.143
12 131 7.602
12 132 5.011
12 133 5.325
12 134 6.589
12 135 7.846
12 137 7.747
13 19 4.526
13 20 5.746
13 21 5.635
13 22 6.934
13 23 7.194
13 24 6.813
13 66 7.375
13 69 7.751
13 130 7.843
13 132 6.234
13 133 5.710
13 134 7.743
13 137 7.559
14 132 7.067
14 133 7.851
14 134 6.556
14 135 7.123
15 130 7.703
15 132 6.590
15 133 7.812
15 134 4.918
15 135 4.944
15 136 7.073
15 137 7.653
19 66 7.986
20 65 7.661
20 66 4.910
21 127 7.967
22 126 7.715
22 127 6.439
23 58 7.804
23 64 6.218
23 66 6.095
24 57 6.029
24 58 5.625
24 63 6.801
24 64 4.974
24 65 6.402
24 66 4.410
24 133 7.764
25 64 6.399
26 64 7.038
27 55 7.624
27 56 6.344
27 57 7.855
27 64 5.980
28 49 6.114
28 50 5.855
28 51 7.892
28 55 5.717
28 56 5.235
28 57 5.564
28 58 5.558
28 64 5.861
29 56 6.158
31 39 6.784
31 40 4.855
31 48 7.596
31 49 7.569
31 50 7.106
31 56 5.651
31 107 6.580
32 39 6.633
32 40 5.184
32 48 7.476
32 49 6.318
32 50 5.490
32 56 5.634
32 106 7.714
32 107 5.165
33 106 7.654
33 107 6.294
35 104 6.523
35 105 6.276
35 106 4.760
35 107 4.712
35 108 4.738
35 109 4.839
35 116 7.175
35 117 7.260
35 118 7.598
36 105 7.874
36 106 6.334
36 107 6.220
36 108 5.604
36 109 5.663
36 116 7.451
36 118 6.924
36 120 7.854
37 104 5.543
37 105 4.608
37 106 6.264
37 107 6.656
37 108 6.107
37 109 5.054
38 104 7.452
38 105 6.451
38 108 7.778
38 109 6.609
39 47 6.218
39 48 5.319
39 49 7.034
39 50 6.913
39 104 5.211
39 105 5.524
39 106 6.119
39 107 5.418
39 109 7.659
40 47 6.076
40 48 4.366
40 49 6.528
40 50 6.663
40 56 6.075
40 104 7.602
40 105 7.977
40 106 7.689
40 107 6.179
41 49 6.532
41 50 6.532
41 99 6.490
41 101 5.927
41 102 5.421
41 104 3.932
41 105 5.089
41 106 6.272
41 107 6.227
42 49 7.360
42 50 7.803
42 99 6.457
42 100 7.975
42 101 5.411
42 102 6.057
42 104 5.396
42 105 6.188
43 51 6.277
43 52 5.719
43 83 6.886
43 95 6.812
43 96 6.725
43 97 6.319
43 99 4.481
43 100 5.737
43 101 6.256
43 102 6.020
43 104 5.771
43 105 7.604
43 106 6.694
43 107 6.224
43 113 7.953
44 51 7.326
44 52 5.965
44 82 7.303
44 83 6.131
44 95 4.879
44 96 4.845
44 97 4.973
44 99 4.485
44 100 5.972
44 101 6.517
44 102 5.595
44 104 5.810
44 105 7.760
44 106 6.239
44 107 6.211
44 113 6.188
45 53 6.375
45 54 6.099
45 72 7.871
45 73 7.603
45 97 7.965
45 99 4.543
45 100 4.402
45 101 6.500
46 53 7.979
46 54 7.160
46 99 5.757
46 100 5.440
46 101 6.309
47 55 6.335
47 56 5.996
48 55 6.270
48 56 4.693
49 57 6.348
49 58 6.138
49 79 7.695
49 83 6.963
49 107 6.850
50 57 7.220
50 58 6.441
50 83 5.971
50 106 7.452
50 107 5.319
50 129 6.744
51 59 6.233
51 60 7.427
51 72 5.415
51 73 5.440
51 78 7.138
51 79 4.304
51 83 6.208
51 100 7.383
52 72 4.987
52 73 5.949
52 74 6.809
52 76 7.853
52 78 5.202
52 79 4.446
52 80 6.204
52 82 6.456
52 83 5.130
52 95 7.770
52 97 7.518
52 99 5.973
52 100 4.529
53 61 6.098
53 62 6.845
53 72 6.420
53 73 5.269
53 79 6.895
54 61 6.841
54 62 7.103
54 72 7.333
54 73 5.993
55 63 6.238
55 64 6.773
57 65 5.811
57 66 6.669
57 67 6.956
57 68 6.765
57 69 6.662
57 72 7.958
57 73 7.795
57 79 5.702
57 133 7.765
58 65 6.964
58 66 7.143
58 68 7.002
58 69 6.162
58 72 7.709
58 78 7.427
58 79 4.429
58 83 6.319
58 132 7.577
58 133 5.548
59 67 4.308
59 68 4.670
59 69 5.967
59 70 5.612
59 71 6.856
59 72 6.453
59 73 5.770
59 79 6.076
60 67 5.545
60 68 5.634
60 69 7.697
60 70 4.332
60 71 5.659
60 72 5.657
60 73 4.317
60 79 7.362
61 68 7.938
68 76 6.999
68 77 5.854
68 78 7.342
68 79 5.676
68 133 7.951
68 137 6.630
69 76 6.917
69 77 6.299
69 78 6.469
69 79 5.194
69 133 5.858
69 136 7.108
69 137 4.893
70 78 6.982
70 79 5.800
71 78 7.763
71 79 7.120
71 137 7.827
72 100 7.618
74 138 7.926
74 139 5.890
74 143 7.855
75 138 7.848
75 139 6.167
75 140 7.426
75 142 6.928
75 143 5.335
76 136 5.260
76 137 5.421
76 138 4.818
76 139 4.748
76 140 5.617
76 141 6.419
76 142 7.570
77 136 6.440
77 137 5.562
77 138 6.301
77 139 7.651
77 140 4.941
77 141 4.685
77 142 6.911
77 143 7.873
78 132 6.485
78 133 5.199
78 134 6.257
78 135 7.656
78 136 5.051
78 137 5.382
78 138 6.362
78 139 5.692
79 132 7.244
79 133 5.166
79 136 7.616
79 137 6.868
80 93 6.851
80 94 5.344
80 95 7.483
80 132 5.668
80 133 6.046
80 134 5.107
80 135 5.693
80 136 5.968
80 137 7.437
80 138 6.886
80 139 5.624
81 93 6.173
81 94 4.404
81 132 7.596
81 134 5.467
81 135 4.334
81 136 7.360
81 138 7.400
81 139 6.886
82 93 5.737
82 94 6.337
82 95 5.522
82 96 5.063
82 128 6.439
82 129 6.175
82 130 5.701
82 132 4.811
82 133 5.915
82 134 6.529
82 135 7.114
83 93 7.844
83 95 6.353
83 96 5.448
83 128 6.325
83 129 5.237
83 130 6.586
83 132 5.407
83 133 5.535
83 134 7.996
84 91 5.567
84 93 4.635
84 94 6.675
84 95 5.958
84 96 5.003
84 128 5.610
84 129 6.297
84 130 4.953
84 131 6.135
84 132 6.403
84 134 7.783
84 135 7.536
85 91 5.563
85 93 4.596
85 94 6.013
85 95 7.090
85 96 6.744
85 128 7.261
85 130 5.593
85 131 6.311
85 132 6.710
85 134 7.032
85 135 6.293
86 93 6.708
86 95 7.121
86 96 5.232
86 113 7.573
86 117 6.781
86 126 7.380
86 128 5.088
86 129 5.675
86 130 6.509
86 131 6.554
87 96 6.574
87 112 6.654
87 113 7.656
87 114 7.007
87 116 5.039
87 117 4.400
87 118 7.901
87 124 6.268
87 125 5.190
87 126 6.553
87 128 5.842
87 129 5.768
89 112 7.832
91 113 6.918
92 112 6.549
92 113 5.905
93 113 7.113
94 139 7.543
95 102 7.700
95 113 4.603
96 106 7.218
96 107 7.534
96 112 7.009
96 113 4.384
96 117 6.526
96 128 7.210
96 129 5.894
97 113 6.182
98 113 7.847
102 110 6.252
102 111 4.506
102 113 6.128
103 110 6.960
103 111 4.811
103 113 7.108
104 112 7.333
104 113 6.818
105 112 7.963
106 114 6.534
106 116 5.595
106 117 4.563
107 116 6.125
107 117 4.594
107 129 6.954
108 116 5.950
108 117 6.468
108 118 7.895
109 116 7.836
114 125 7.856
116 124 6.342
116 125 4.427
116 129 7.608
117 124 6.437
117 125 4.877
117 126 7.833
117 128 7.215
117 129 5.478
